0,0.152792,0.0692675,0.0918525,0.0329564,0.0337557,0.0115732,0.0293768,0.0143089,0.0253818
0,0.152336,0.0669997,0.0841506,0.0277103,0.0369378,0.00526767,0.0241511,0.0156159,0.0255343
0,0.151339,0.0643309,0.0670083,0.0278344,0.0341701,0.0156675,0.0213498,0.0155123,0.0181355
0,0.159069,0.0944208,0.0752302,0.0413636,0.0264872,0.0161666,0.0176713,0.0162326,0.0114332
0,0.158194,0.0593218,0.0925183,0.03171,0.0379033,0.00924036,0.0230182,0.0144471,0.0232329
0,0.174361,0.0451535,0.115253,0.0353947,0.0654946,0.0115094,0.0275481,0.0110115,0.0123956
0,0.16805,0.0386153,0.109679,0.0395552,0.062403,0.00955368,0.0251887,0.0125652,0.0152499
0,0.178695,0.0406921,0.107567,0.0355479,0.0605621,0.0142918,0.0241551,0.013542,0.014042
0,0.179272,0.0723818,0.116369,0.0377236,0.0535729,0.0214872,0.0207075,0.0118425,0.0154149
0,0.163567,0.0417457,0.104337,0.0377577,0.0632526,0.0114396,0.0245582,0.0125617,0.016147
0,0.151402,0.0697207,0.0856486,0.0310489,0.0345242,0.019357,0.0135211,0.0150604,0.0137014
0,0.150336,0.0724669,0.0863774,0.0344945,0.0361631,0.0187668,0.0132956,0.0148869,0.0134902
0,0.152519,0.0694675,0.0870533,0.0315275,0.0352265,0.0182792,0.0124824,0.0154279,0.0138279
0,0.150446,0.0736906,0.0872003,0.032007,0.0341368,0.0175969,0.0130552,0.0154175,0.0135033
0,0.151591,0.0745768,0.0868829,0.0323846,0.0355913,0.0182583,0.0125691,0.0143244,0.0145366
0,0.108333,0.075137,0.060255,0.028698,0.029751,0.010046,0.0226162,0.00895139,0.0128104
0,0.113489,0.0767277,0.0613971,0.0252451,0.0288906,0.0110207,0.0213867,0.00698014,0.0126732
0,0.111188,0.0764731,0.0590071,0.0275437,0.0297504,0.0120439,0.0223896,0.00686937,0.0124543
0,0.108838,0.0712273,0.0624167,0.0306244,0.0250306,0.0101919,0.0204167,0.00899805,0.00957887
0,0.111451,0.0798718,0.0539258,0.0273545,0.0201913,0.00814573,0.0196675,0.0079816,0.00909315
0,0.166732,0.0446664,0.105853,0.0346559,0.0490034,0.015133,0.0187537,0.0129364,0.0144492
0,0.134233,0.0591394,0.0962736,0.0384456,0.0389529,0.0161846,0.0230678,0.00512949,0.0130207
0,0.122946,0.0712921,0.0805212,0.0358244,0.031431,0.017285,0.0213033,0.00641118,0.014768
0,0.154552,0.0508001,0.0977329,0.039671,0.0436723,0.0144197,0.0204472,0.00744853,0.0121994
0,0.157214,0.0508694,0.105092,0.0347763,0.0455434,0.0172011,0.0206846,0.00944035,0.011236
1,0.375136,0.210279,0.0619178,0.0852546,0.068945,0.0528411,0.0435679,0.0188047,0.0362479
1,0.365108,0.203031,0.0500706,0.10835,0.0703523,0.0617156,0.043117,0.00499515,0.0225486
1,0.364683,0.209086,0.0470932,0.123189,0.0668954,0.0568927,0.0306903,0.0176424,0.0140069
1,0.390917,0.222256,0.0460512,0.122923,0.0731281,0.0576459,0.032611,0.0118978,0.0147351
1,0.388272,0.218931,0.058715,0.125665,0.0706015,0.0545416,0.0274948,0.0173339,0.0150709
1,0.295664,0.225133,0.117294,0.0577351,0.0802928,0.0406836,0.00927461,0.0222177,0.0118331
1,0.372769,0.221288,0.0759968,0.0766859,0.0973558,0.0514711,0.0220667,0.0176088,0.0184802
1,0.369883,0.217472,0.0929218,0.0693522,0.101509,0.0441913,0.0140764,0.0182398,0.0165244
1,0.354262,0.220162,0.0760934,0.074523,0.0941342,0.0456106,0.0241215,0.0173427,0.0184016
1,0.288728,0.223035,0.130624,0.0633553,0.0728751,0.0413031,0.0192815,0.0231053,0.0105144
1,0.320178,0.237198,0.143963,0.0641649,0.0864682,0.0297379,0.00951925,0.0165221,0.0190023
1,0.317771,0.236002,0.143731,0.0646417,0.0846283,0.0305687,0.0104033,0.0167565,0.0196391
1,0.308207,0.21801,0.112892,0.05747,0.089664,0.0347926,0.00983684,0.0131209,0.020279
1,0.306473,0.217419,0.120334,0.0589228,0.086051,0.0310494,0.00654542,0.0159991,0.0170645
1,0.308215,0.220132,0.119002,0.0586844,0.0921371,0.034287,0.010895,0.0155501,0.0202026
1,0.414061,0.19438,0.0604867,0.103734,0.0759608,0.0736764,0.0347673,0.00743783,0.0247276
1,0.442992,0.194954,0.0595228,0.111726,0.0794219,0.0775364,0.0330372,0.00801689,0.019465
1,0.462532,0.201837,0.0962675,0.111336,0.0808546,0.0536231,0.0284266,0.015647,0.0120423
1,0.470429,0.205453,0.0929049,0.120147,0.0818174,0.0566665,0.0274074,0.0147422,0.0124203
1,0.384751,0.210363,0.0654678,0.0872204,0.0708617,0.0640378,0.0381339,0.0117009,0.0288008
1,0.362848,0.198601,0.0475404,0.10417,0.0764453,0.0624929,0.0473565,0.00640347,0.0216196
1,0.396434,0.204019,0.062117,0.105633,0.0698537,0.0561792,0.0389303,0.0155259,0.0165828
1,0.406105,0.203214,0.0741319,0.107141,0.0694707,0.0519922,0.0369499,0.0172113,0.0163372
1,0.383647,0.202681,0.0493375,0.0996289,0.0712991,0.0601892,0.0448281,0.0114288,0.0182835
1,0.33322,0.194926,0.0422626,0.10639,0.0651335,0.0626337,0.0576999,0.0145341,0.0194226
2,0.404248,0.311686,0.252064,0.197038,0.0885815,0.0280815,0.0564717,0.0363569,0.0224534
2,0.444122,0.283503,0.266418,0.201009,0.101945,0.037098,0.0588178,0.0425552,0.0112036
2,0.442249,0.302737,0.282602,0.207104,0.0904402,0.0399522,0.0614306,0.0412491,0.0124905
2,0.352906,0.30951,0.21736,0.215024,0.0621789,0.022647,0.0735468,0.0426886,0.0325472
2,0.349558,0.308884,0.201327,0.221427,0.0522031,0.0354599,0.0734426,0.0385863,0.0344946
2,0.460295,0.255947,0.262438,0.157755,0.117787,0.046118,0.0587244,0.0437097,0.0233651
2,0.495168,0.234057,0.257252,0.154528,0.134978,0.0586402,0.0620645,0.0507996,0.0253213
2,0.392825,0.264064,0.215155,0.185461,0.0650581,0.00800878,0.0582258,0.0561395,0.0196656
2,0.511961,0.242081,0.303314,0.168563,0.110245,0.0425164,0.0497566,0.0290584,0.033185
2,0.549158,0.189214,0.300106,0.161171,0.117584,0.0434654,0.0495415,0.0276758,0.0421953
2,0.464779,0.246782,0.27398,0.174271,0.130767,0.0438021,0.0215918,0.030799,0.0444532
2,0.456538,0.244838,0.273779,0.173803,0.132686,0.0424678,0.0224454,0.0296332,0.0469965
2,0.362629,0.220752,0.23911,0.132828,0.095336,0.0505788,0.0656336,0.0541071,0.0198308
2,0.364269,0.221297,0.250374,0.136093,0.096337,0.0505652,0.0577069,0.0485329,0.0174082
2,0.366358,0.218336,0.252595,0.134042,0.0950992,0.0512455,0.0605637,0.046252,0.0167854
2,0.495513,0.28692,0.283106,0.192399,0.112803,0.0435819,0.0520386,0.0295282,0.0195002
2,0.490176,0.284205,0.281365,0.189856,0.11261,0.0434241,0.0525411,0.0289364,0.0199908
2,0.457967,0.27803,0.268047,0.185131,0.104871,0.0396086,0.0568683,0.0212202,0.0223843
2,0.460757,0.273769,0.266882,0.184309,0.105816,0.0379809,0.0589646,0.0219703,0.0231134
2,0.442741,0.275025,0.261025,0.181893,0.094782,0.0447131,0.0525638,0.0213316,0.0158958
2,0.486197,0.223766,0.268139,0.153633,0.130209,0.0487088,0.0616173,0.0327086,0.0343056
2,0.501756,0.226148,0.276883,0.160678,0.137191,0.0445954,0.0514103,0.0372164,0.0353202
2,0.518009,0.23254,0.277563,0.166793,0.137242,0.0342403,0.0418471,0.0431607,0.0316561
2,0.42964,0.226795,0.255246,0.145898,0.105003,0.0361328,0.0737074,0.0491717,0.0190477
2,0.447701,0.227096,0.263428,0.147676,0.115751,0.0468052,0.0630051,0.0394396,0.0170318
3,0.546747,0.27995,0.371938,0.301871,0.10103,0.050918,0.0435843,0.0534516,0.0340738
3,0.549394,0.243372,0.373447,0.291179,0.109498,0.0564122,0.0454005,0.0518818,0.0354605
3,0.565006,0.23779,0.366508,0.298819,0.107585,0.04316,0.0425097,0.053325,0.0431774
3,0.552731,0.29124,0.366814,0.306844,0.0989408,0.0508297,0.0429804,0.0553469,0.0300304
3,0.55624,0.271486,0.362996,0.308468,0.0991416,0.0491588,0.0402851,0.0527931,0.03197
3,0.585366,0.169844,0.316648,0.304329,0.123901,0.0240111,0.0409923,0.0333021,0.0553988
3,0.601936,0.184369,0.326867,0.315501,0.118268,0.0234127,0.0395592,0.0394779,0.0532586
3,0.606284,0.159652,0.295767,0.292232,0.140999,0.0271224,0.0357959,0.0306565,0.044901
3,0.646293,0.195602,0.332071,0.284639,0.14391,0.0290993,0.0271652,0.0461111,0.0622966
3,0.6341,0.199054,0.345507,0.291926,0.136742,0.0221377,0.0267103,0.051761,0.061076
3,0.573509,0.159565,0.318462,0.287186,0.138028,0.0211796,0.0407112,0.0587543,0.0393458
3,0.566308,0.146195,0.314709,0.290644,0.145077,0.0227587,0.0410353,0.0545459,0.0377264
3,0.554721,0.171862,0.298615,0.27016,0.161787,0.0366333,0.042873,0.0502838,0.0413894
3,0.55747,0.16654,0.298657,0.273358,0.162362,0.0364305,0.0429155,0.0517178,0.0394972
3,0.581532,0.163343,0.300809,0.278084,0.15668,0.0299578,0.0418431,0.0531011,0.0391818
3,0.579997,0.191415,0.347509,0.301452,0.127502,0.0372975,0.0389436,0.0503999,0.0365232
3,0.588047,0.200425,0.347767,0.304031,0.124209,0.0367686,0.0373453,0.0523327,0.0350019
3,0.57754,0.203225,0.346302,0.308255,0.120585,0.0320472,0.0375438,0.0529053,0.0367563
3,0.580797,0.205814,0.345915,0.314375,0.115721,0.0301419,0.0410698,0.0514701,0.0402137
3,0.581259,0.190465,0.337282,0.311904,0.118853,0.025396,0.0413953,0.0480069,0.0469048
3,0.583879,0.26349,0.350419,0.339985,0.110207,0.028344,0.0379699,0.0501568,0.0379138
3,0.579161,0.251006,0.348982,0.339943,0.1123,0.0319874,0.0362117,0.0504434,0.0373818
3,0.580561,0.242682,0.356088,0.335601,0.107374,0.0339066,0.0366948,0.0564601,0.034338
3,0.584791,0.254813,0.356232,0.339392,0.103962,0.0283585,0.036607,0.0541998,0.0364053
3,0.590604,0.243407,0.349913,0.33988,0.10904,0.0215623,0.0335705,0.0504071,0.0403396
4,0.753034,0.23432,0.0964913,0.342172,0.300607,0.140905,0.0854721,0.0202552,0.0331506
4,0.745991,0.229883,0.111642,0.318568,0.290837,0.135221,0.0878396,0.0170821,0.0373677
4,0.755299,0.230788,0.110034,0.33616,0.298458,0.127965,0.0877001,0.0174087,0.0376085
4,0.751159,0.220267,0.1209,0.324976,0.293629,0.123814,0.0897774,0.0176588,0.0418204
4,0.655578,0.27526,0.160324,0.221551,0.274851,0.209636,0.0766453,0.0302612,0.0563511
4,0.692305,0.234833,0.129186,0.362052,0.309189,0.138986,0.0506752,0.032258,0.0292961
4,0.692004,0.244429,0.137325,0.366947,0.311529,0.139723,0.0513268,0.0324993,0.0259401
4,0.691334,0.247089,0.139753,0.36004,0.309809,0.13796,0.0487622,0.0328316,0.0297027
4,0.700136,0.24553,0.129508,0.366859,0.312676,0.13947,0.0499279,0.0360602,0.0254185
4,0.711641,0.259412,0.140503,0.376719,0.318897,0.12588,0.0512373,0.0419826,0.0296676
4,0.724653,0.207046,0.103825,0.276336,0.245912,0.150603,0.0679534,0.0217461,0.0380653
4,0.729047,0.210167,0.100267,0.280619,0.245484,0.14891,0.0661356,0.0214962,0.0417468
4,0.642646,0.201038,0.152115,0.199036,0.220818,0.168986,0.0662519,0.0364989,0.0253096
4,0.649012,0.204099,0.148166,0.203804,0.221458,0.164952,0.0672612,0.0318682,0.0346885
4,0.695232,0.204236,0.115617,0.243818,0.241638,0.166038,0.0687389,0.0189276,0.0379298
4,0.760727,0.237118,0.0898796,0.379717,0.297111,0.118911,0.0692236,0.0364802,0.0331221
4,0.761663,0.237761,0.0944436,0.38253,0.297596,0.115692,0.0674912,0.0386048,0.0330471
4,0.747995,0.240433,0.0876333,0.358641,0.283884,0.113768,0.0709743,0.0271342,0.038409
4,0.750533,0.238393,0.0887102,0.360494,0.285709,0.113576,0.0712894,0.0279952,0.0382104
4,0.750156,0.230953,0.0896919,0.358788,0.286805,0.115238,0.0718822,0.0282427,0.038874
4,0.721504,0.259046,0.135423,0.324213,0.289136,0.125302,0.076249,0.0254337,0.0350893
4,0.725774,0.271964,0.13923,0.346923,0.300871,0.111318,0.0785887,0.0271111,0.0361707
4,0.726063,0.275591,0.14596,0.347563,0.298845,0.102732,0.0749808,0.0285533,0.0376717
4,0.72197,0.270682,0.142996,0.340837,0.295495,0.104124,0.0743385,0.0253917,0.0363176
4,0.73108,0.241436,0.0933905,0.342246,0.304644,0.15212,0.0517162,0.0291679,0.0225342
5,0.706252,0.281037,0.349493,0.180417,0.235853,0.205575,0.135386,0.0529704,0.0649831
5,0.702246,0.271947,0.333501,0.193813,0.213794,0.189574,0.137987,0.0640112,0.0721522
5,0.710247,0.276044,0.347719,0.183432,0.227403,0.199647,0.135526,0.0549205,0.0738412
5,0.70883,0.269964,0.337589,0.188008,0.226988,0.196885,0.132923,0.0583561,0.0729921
5,0.710717,0.279525,0.341216,0.181955,0.248448,0.215492,0.128627,0.0567531,0.0562587
5,0.760001,0.355526,0.285458,0.249747,0.3963,0.267328,0.0668871,0.0398241,0.0464266
5,0.755295,0.346666,0.283567,0.267715,0.399829,0.264582,0.0630565,0.0415526,0.0443212
5,0.764434,0.361466,0.285313,0.224702,0.399248,0.265872,0.0675875,0.0429736,0.0496367
5,0.781526,0.355208,0.279898,0.218252,0.405556,0.268078,0.05724,0.0400231,0.045999
5,0.776311,0.375886,0.298921,0.21833,0.425868,0.259398,0.0680279,0.0371887,0.0441172
5,0.758314,0.321516,0.295396,0.204996,0.353378,0.234723,0.107288,0.0467153,0.0446467
5,0.700893,0.278895,0.295237,0.178201,0.300275,0.230648,0.132636,0.0668569,0.0468788
5,0.693673,0.260195,0.280214,0.189249,0.276631,0.208927,0.132629,0.0799421,0.0428299
5,0.692572,0.254948,0.278304,0.192475,0.267795,0.205342,0.131559,0.0844265,0.0436064
5,0.761381,0.327673,0.286246,0.18189,0.357568,0.245341,0.108939,0.0457826,0.0408218
5,0.759324,0.310291,0.311658,0.277956,0.373772,0.197166,0.104447,0.0512426,0.0504859
5,0.757962,0.306792,0.311421,0.271212,0.37066,0.201324,0.106443,0.0518632,0.0538623
5,0.758689,0.30805,0.313071,0.2679,0.375444,0.202385,0.105807,0.0484239,0.0525986
5,0.768666,0.314182,0.31654,0.285237,0.377979,0.212532,0.100746,0.0471596,0.0447725
5,0.768203,0.312689,0.315599,0.282928,0.379418,0.211753,0.103387,0.047537,0.0436829
5,0.779564,0.313703,0.302972,0.319012,0.395447,0.199448,0.104141,0.0611256,0.0350785
5,0.788255,0.320035,0.296687,0.335793,0.391325,0.185826,0.109783,0.0682661,0.0259654
5,0.800397,0.322739,0.28785,0.360458,0.392138,0.180644,0.110999,0.0713556,0.0261037
5,0.789056,0.309804,0.292679,0.328117,0.387547,0.180106,0.109294,0.0695201,0.0283273
5,0.800048,0.320954,0.296857,0.348573,0.400005,0.200279,0.103375,0.0567974,0.0286742
6,0.660946,0.16414,0.329451,0.249702,0.219759,0.0570829,0.0759792,0.0527152,0.0522539
6,0.66851,0.186495,0.340402,0.249814,0.205001,0.077746,0.0531891,0.0574755,0.0462657
6,0.673643,0.195526,0.347243,0.245456,0.19267,0.0775392,0.0473666,0.0484363,0.0443535
6,0.674906,0.206905,0.345442,0.245708,0.188019,0.0856829,0.0457946,0.0534294,0.0431695
6,0.671491,0.181354,0.337265,0.250566,0.214874,0.0734276,0.0638917,0.0510346,0.0410793
6,0.635323,0.0344275,0.267306,0.206337,0.214906,0.0344513,0.0419586,0.0246119,0.0602937
6,0.621638,0.0321145,0.283668,0.20636,0.211212,0.0452921,0.0438929,0.029588,0.0549021
6,0.650473,0.136754,0.321781,0.220858,0.204242,0.0466629,0.0403227,0.0366639,0.0544546
6,0.653437,0.0762577,0.315034,0.221574,0.206832,0.0455744,0.0370151,0.0393464,0.0543616
6,0.656188,0.071283,0.308939,0.220637,0.209748,0.0436439,0.0383754,0.0387759,0.0559421
6,0.578257,0.102684,0.211093,0.155856,0.180013,0.065048,0.0632825,0.0308247,0.0321296
6,0.580935,0.0990443,0.20414,0.156685,0.184488,0.0677434,0.065866,0.0345557,0.0301591
6,0.583406,0.0866756,0.19042,0.165951,0.181743,0.0743899,0.0660454,0.0403738,0.0361678
6,0.570409,0.0845744,0.19048,0.158501,0.177983,0.078056,0.0631854,0.0422427,0.0339012
6,0.579482,0.0830047,0.192952,0.16137,0.180518,0.0776817,0.0648688,0.0413316,0.0331423
6,0.656067,0.118077,0.328625,0.222044,0.232836,0.0610204,0.0446954,0.0506937,0.0530439
6,0.625226,0.102816,0.336441,0.221864,0.237655,0.0634514,0.0415619,0.046683,0.0496377
6,0.631241,0.101277,0.33766,0.22466,0.235654,0.0630332,0.0412556,0.0500011,0.0505971
6,0.62288,0.0933031,0.331022,0.206049,0.225401,0.0572484,0.0513543,0.0569513,0.0479587
6,0.624186,0.0906817,0.330263,0.204907,0.226093,0.0573583,0.0512631,0.0590529,0.0467574
6,0.643219,0.136283,0.29797,0.226792,0.204316,0.0476577,0.0384782,0.0243368,0.0692854
6,0.637905,0.12559,0.28718,0.222313,0.2014,0.0433744,0.0349694,0.0181623,0.0722701
6,0.628914,0.118458,0.287693,0.214472,0.199927,0.0494514,0.0336553,0.021535,0.0639312
6,0.656465,0.150282,0.295999,0.230904,0.195616,0.04549,0.0383124,0.0228077,0.0681471
6,0.642398,0.0828535,0.274458,0.212317,0.216334,0.041745,0.0408583,0.0144254,0.0718813
7,0.715838,0.368512,0.377333,0.217923,0.117178,0.128437,0.0907355,0.0678059,0.0289025
7,0.731758,0.391104,0.361582,0.210206,0.133644,0.132049,0.0962066,0.0659887,0.0255557
7,0.748873,0.428452,0.35368,0.218499,0.155566,0.119331,0.106674,0.0657804,0.0169804
7,0.745258,0.422077,0.352625,0.216058,0.159295,0.125643,0.104651,0.0636603,0.0185072
7,0.710684,0.297084,0.37832,0.215358,0.0923637,0.139192,0.0625892,0.0669203,0.0415831
7,0.635387,0.297641,0.308467,0.199313,0.104367,0.0702347,0.0720256,0.073322,0.0299519
7,0.636187,0.303103,0.307186,0.200765,0.103592,0.0779615,0.0727147,0.0735965,0.0303337
7,0.627927,0.298239,0.313512,0.207761,0.109271,0.0695956,0.0662363,0.0805873,0.0275335
7,0.620854,0.294207,0.314208,0.209255,0.105361,0.0723152,0.0635579,0.0798907,0.0302257
7,0.643057,0.301856,0.313145,0.194523,0.10739,0.0926396,0.0768788,0.0773396,0.033806
7,0.728095,0.358765,0.280038,0.184298,0.158354,0.168944,0.0778645,0.0516715,0.0537199
7,0.726239,0.357014,0.279124,0.184343,0.160734,0.170747,0.0746912,0.0537931,0.053375
7,0.670441,0.324917,0.279072,0.201239,0.108293,0.0834759,0.0843188,0.0685405,0.0427781
7,0.673563,0.324916,0.276721,0.200899,0.108927,0.0838454,0.086315,0.0687167,0.0427739
7,0.675168,0.326222,0.278156,0.200913,0.113233,0.0863019,0.0832855,0.0715296,0.0431927
7,0.70096,0.406613,0.344799,0.193251,0.129861,0.128839,0.0990548,0.0498286,0.0337513
7,0.704416,0.41067,0.344709,0.193676,0.126406,0.129618,0.0979097,0.0449265,0.0353211
7,0.704951,0.408362,0.343478,0.192636,0.124713,0.12804,0.0982883,0.0421302,0.0357434
7,0.70673,0.411237,0.341372,0.192907,0.12577,0.129333,0.0992259,0.0422699,0.0353359
7,0.690239,0.397899,0.324753,0.200187,0.112138,0.0991443,0.0985133,0.0561219,0.0302757
7,0.627571,0.284667,0.314409,0.172881,0.104618,0.146121,0.0685196,0.0561086,0.0578737
7,0.664311,0.327672,0.301784,0.187149,0.10235,0.157179,0.0656979,0.0492919,0.0639791
7,0.665429,0.330903,0.300901,0.18755,0.10907,0.157011,0.0667475,0.0473648,0.0616164
7,0.679187,0.350971,0.28661,0.192291,0.120214,0.156227,0.0724069,0.041243,0.0603221
7,0.685045,0.359705,0.272454,0.192638,0.15428,0.157509,0.0705313,0.0363641,0.051033
8,0.605061,0.279341,0.383036,0.215168,0.0525086,0.129159,0.060661,0.0490915,0.0387769
8,0.576315,0.278191,0.363628,0.206357,0.0574149,0.129184,0.0502338,0.0490694,0.0347703
8,0.545203,0.280966,0.338699,0.204057,0.0674276,0.127315,0.0481667,0.046679,0.039894
8,0.572399,0.273769,0.357899,0.208402,0.0576057,0.127007,0.0529045,0.0475121,0.0350101
8,0.583769,0.258849,0.376012,0.200539,0.0654923,0.123851,0.0570172,0.0554328,0.0345994
8,0.511363,0.100729,0.295431,0.175771,0.126087,0.0708646,0.0820333,0.0597644,0.0429541
8,0.502207,0.0895681,0.289389,0.181329,0.12965,0.0616782,0.0821056,0.058212,0.0472151
8,0.480918,0.0962823,0.279137,0.170459,0.119001,0.080595,0.0772109,0.0522953,0.0551142
8,0.493037,0.0938523,0.285321,0.175369,0.121462,0.076581,0.0862688,0.0559336,0.0466928
8,0.538003,0.150721,0.337008,0.186775,0.105818,0.0637035,0.0405153,0.0752873,0.0501662
8,0.4866,0.122879,0.285156,0.148528,0.101469,0.109887,0.0881138,0.0524141,0.0335177
8,0.487177,0.119526,0.282979,0.145734,0.106566,0.102992,0.0920009,0.0512012,0.0306587
8,0.476876,0.160001,0.289795,0.152139,0.0853961,0.121509,0.0857772,0.031837,0.0332944
8,0.489574,0.159842,0.291561,0.14973,0.088944,0.1282,0.078371,0.0343785,0.0327429
8,0.491702,0.158317,0.293895,0.150966,0.0879563,0.123441,0.0774448,0.0379993,0.0292076
8,0.561302,0.256583,0.324924,0.185806,0.0768809,0.130031,0.0345958,0.0512559,0.0370369
8,0.562119,0.258482,0.324212,0.186117,0.0778394,0.130907,0.0342381,0.052422,0.0374227
8,0.560405,0.256576,0.324381,0.18613,0.0776768,0.12984,0.0345281,0.0528578,0.0368013
8,0.56195,0.258985,0.321014,0.184863,0.0777773,0.131521,0.0341932,0.0523485,0.0386675
8,0.558057,0.254635,0.313565,0.185643,0.0767118,0.130618,0.0350737,0.0517057,0.0392697
8,0.5802,0.22193,0.354372,0.177238,0.0798258,0.109356,0.0433687,0.0593212,0.0387062
8,0.564963,0.184308,0.314112,0.165246,0.129902,0.046044,0.0187951,0.0556752,0.0539465
8,0.561609,0.183512,0.313007,0.167004,0.132439,0.0449389,0.0191474,0.0552255,0.0543005
8,0.566646,0.191313,0.342225,0.169015,0.0872137,0.0813565,0.0418858,0.0717783,0.0414723
8,0.572601,0.211387,0.345484,0.173426,0.0750872,0.10976,0.0423366,0.060859,0.03622
9,0.686736,0.11241,0.263713,0.263686,0.205187,0.0680192,0.0522748,0.0355501,0.0587751
9,0.666465,0.0935969,0.228299,0.253229,0.205324,0.0626139,0.0558014,0.0374959,0.0563413
9,0.687402,0.0908087,0.235584,0.268188,0.193937,0.0620512,0.056671,0.040975,0.0491633
9,0.693728,0.0890925,0.234915,0.262359,0.194922,0.0590378,0.0588733,0.0407212,0.0525209
9,0.680408,0.106752,0.242977,0.273769,0.214657,0.0704581,0.04917,0.0328383,0.057635
9,0.669026,0.189827,0.265417,0.30056,0.288722,0.0785183,0.0313303,0.0172672,0.0371222
9,0.65645,0.199049,0.263195,0.299443,0.28753,0.0804241,0.0308893,0.0158404,0.0384174
9,0.710298,0.171021,0.300753,0.315612,0.294032,0.0544425,0.0337427,0.022447,0.0392921
9,0.720597,0.166406,0.305287,0.303513,0.289989,0.047791,0.0353855,0.0233285,0.0397486
9,0.71499,0.163654,0.30122,0.306296,0.292235,0.0502182,0.0367225,0.023725,0.0386904
9,0.73408,0.202558,0.214846,0.315396,0.271878,0.0994164,0.0420295,0.0458989,0.0476309
9,0.732492,0.199103,0.220289,0.308494,0.275285,0.100121,0.0401311,0.0434192,0.0437331
9,0.72834,0.213849,0.220048,0.326367,0.271183,0.0956522,0.048826,0.0444504,0.0470498
9,0.734331,0.117279,0.202622,0.274263,0.24266,0.0890597,0.0403286,0.0297618,0.0528516
9,0.739509,0.114977,0.203961,0.279635,0.241686,0.0861297,0.0427503,0.0325437,0.0558868
9,0.714783,0.095293,0.290787,0.240909,0.208326,0.0558042,0.0516723,0.0240742,0.0587557
9,0.719786,0.0967458,0.296469,0.246847,0.204758,0.0525668,0.0513229,0.0249565,0.0594209
9,0.72105,0.0925148,0.291033,0.251892,0.209163,0.056553,0.050327,0.0233301,0.0612713
9,0.7404,0.160711,0.272193,0.323442,0.257252,0.0811969,0.0561928,0.0317119,0.050809
9,0.769093,0.164178,0.304518,0.314283,0.261872,0.062522,0.0473535,0.0327702,0.0461245
9,0.787329,0.173459,0.297065,0.312595,0.25812,0.0612745,0.0463983,0.0368184,0.0439598
9,0.77344,0.163413,0.264709,0.324714,0.250157,0.0753572,0.0575056,0.0376375,0.0485395
9,0.795617,0.133586,0.278286,0.241024,0.216664,0.0524042,0.0472569,0.0224813,0.063677
9,0.817113,0.138396,0.31079,0.277146,0.207171,0.0357118,0.0521804,0.0338743,0.0645415
9,0.716668,0.213271,0.282412,0.276649,0.269957,0.0874041,0.0292072,0.0344099,0.0415127
0,0.185149,0.0400398,0.11456,0.0217368,0.0555489,0.010358,0.0138673,0.00887366,0.0160739
0,0.186116,0.0415069,0.114254,0.0228667,0.054864,0.011384,0.0149207,0.00811257,0.0160771
0,0.186985,0.041383,0.116604,0.0206053,0.0552529,0.010736,0.0132751,0.00901421,0.0159809
0,0.17944,0.0390876,0.11182,0.0228005,0.0536602,0.0150882,0.0131796,0.00662189,0.016055
0,0.184996,0.0397342,0.115356,0.0211985,0.0551824,0.0110074,0.0128293,0.00948927,0.0154405
0,0.148182,0.0477754,0.106211,0.033882,0.0542843,0.0189175,0.0134511,0.0104164,0.0135902
0,0.146417,0.0520905,0.108403,0.0324994,0.0547065,0.0181549,0.0137342,0.0120852,0.0136549
0,0.159444,0.0411493,0.100781,0.0321077,0.0456976,0.0170113,0.0146187,0.013498,0.0166951
0,0.149198,0.045196,0.11067,0.0323105,0.0565396,0.0189587,0.0141674,0.0145879,0.0143884
0,0.155338,0.0431212,0.1075,0.0313572,0.05436,0.0193365,0.0153901,0.0118028,0.0157396
0,0.179553,0.0493883,0.109463,0.0282942,0.0532119,0.0210176,0.012859,0.0129449,0.0123026
0,0.179959,0.0524534,0.108522,0.0334303,0.0504899,0.0212646,0.0205099,0.00846478,0.0130666
0,0.179785,0.0519705,0.108263,0.0372009,0.0485652,0.0194513,0.023442,0.00737187,0.0159548
0,0.178331,0.0522848,0.11486,0.0292573,0.0527664,0.02149,0.0119918,0.0149733,0.0126692
0,0.178366,0.0503281,0.117577,0.0287292,0.0526304,0.0218662,0.0120209,0.014309,0.0131222
0,0.130185,0.0740075,0.0976988,0.0439878,0.0444522,0.0269513,0.0119505,0.0113459,0.0164701
0,0.125759,0.0778161,0.0989983,0.0470898,0.0447877,0.0278189,0.0121761,0.0103323,0.0156164
0,0.113306,0.0891146,0.0837978,0.0450594,0.0368333,0.0226092,0.0122395,0.0112822,0.0125734
0,0.110763,0.0941918,0.0827864,0.0424658,0.0334501,0.0243691,0.0120462,0.00971491,0.0134362
0,0.116808,0.074417,0.10586,0.0472308,0.0488815,0.0275123,0.0151092,0.0136075,0.0132937
0,0.193166,0.10952,0.0966499,0.0449207,0.0428752,0.0130884,0.0176348,0.01598,0.0144085
0,0.187594,0.101555,0.101051,0.0408637,0.0433433,0.0134112,0.0185637,0.0136299,0.0135361
0,0.19073,0.108256,0.0952117,0.0429203,0.0409158,0.0138913,0.017473,0.0143276,0.0134153
0,0.194549,0.109549,0.0975219,0.0440823,0.0400408,0.0106649,0.018849,0.0117765,0.0131266
0,0.166139,0.105758,0.0905932,0.0409345,0.0404453,0.012459,0.0120974,0.0177827,0.0116644
1,0.365868,0.264469,0.112276,0.0687044,0.0744984,0.0434976,0.00954259,0.0168273,0.0150508
1,0.322462,0.248234,0.112788,0.0644302,0.0673566,0.046672,0.0124804,0.0188185,0.0116697
1,0.355246,0.263496,0.0716116,0.0664925,0.0673616,0.0459878,0.0214369,0.00710608,0.0160862
1,0.266774,0.213897,0.140892,0.0751744,0.0574191,0.0406946,0.0230259,0.0242078,0.00927317
1,0.296946,0.241996,0.10665,0.0645041,0.0640289,0.0417691,0.0125682,0.0205224,0.0141948
1,0.270663,0.218709,0.129797,0.060235,0.0618403,0.0409861,0.031993,0.0175926,0.0131203
1,0.274869,0.221986,0.134206,0.0594402,0.0600005,0.0426372,0.0302742,0.0169186,0.0136576
1,0.258151,0.20594,0.139925,0.0661631,0.0583146,0.0366481,0.0350723,0.0121957,0.0135529
1,0.271377,0.220183,0.129715,0.0595691,0.0647938,0.043581,0.029951,0.0184535,0.0128041
1,0.274161,0.217999,0.12288,0.058527,0.067563,0.0434657,0.0293681,0.0210069,0.010742
1,0.304557,0.225164,0.144658,0.0692798,0.0728922,0.0425077,0.012571,0.024122,0.0116131
1,0.285217,0.219809,0.138128,0.0674467,0.0690916,0.04185,0.00972363,0.0249609,0.0123536
1,0.367137,0.248202,0.0741685,0.0673084,0.0767955,0.0485992,0.0240243,0.011798,0.0175187
1,0.2577,0.205228,0.143507,0.068355,0.0646507,0.0406381,0.0168093,0.0257723,0.00845049
1,0.239786,0.182187,0.166905,0.0821777,0.0399131,0.0244491,0.0395622,0.0141873,0.0128572
1,0.301902,0.243239,0.122845,0.0716046,0.06817,0.0516647,0.0226872,0.020787,0.0141996
1,0.309892,0.246404,0.118008,0.0717601,0.0685172,0.0527704,0.0236974,0.0183078,0.0135301
1,0.344277,0.249168,0.0825857,0.0807042,0.0737716,0.0534198,0.0266301,0.011488,0.0165053
1,0.341845,0.246321,0.080808,0.0802765,0.0706393,0.0537425,0.0277887,0.0113279,0.0162876
1,0.346489,0.245691,0.0818868,0.0837895,0.0720194,0.0515431,0.0274381,0.0118233,0.0162836
1,0.244489,0.217013,0.167182,0.0735527,0.0545813,0.0473861,0.0243457,0.0266587,0.0154303
1,0.296473,0.235547,0.140539,0.0710335,0.064204,0.0544917,0.0217368,0.0226029,0.0171133
1,0.212215,0.192629,0.176733,0.0823872,0.0233254,0.0360754,0.0315552,0.027059,0.0114665
1,0.362022,0.25914,0.0880816,0.0730088,0.0743254,0.0618921,0.0270985,0.00333853,0.0138073
1,0.396642,0.256854,0.0562237,0.0841033,0.0783829,0.0598343,0.0264623,0.013732,0.0179471
2,0.375889,0.301678,0.243926,0.211486,0.082236,0.0313725,0.0372274,0.0274577,0.0102761
2,0.382228,0.306892,0.244878,0.212699,0.0771445,0.0363667,0.0357659,0.0267732,0.0105588
2,0.384593,0.300065,0.247074,0.210662,0.0858707,0.0291121,0.0355613,0.029745,0.0132963
2,0.366901,0.312369,0.23565,0.214574,0.0700124,0.0439223,0.0402116,0.0234729,0.00830977
2,0.395794,0.324545,0.248166,0.211874,0.0603534,0.0567558,0.0363129,0.0249133,0.00823812
2,0.447467,0.273791,0.22124,0.21796,0.0657002,0.031498,0.0524287,0.0333081,0.0105591
2,0.450707,0.276367,0.227065,0.213629,0.0665519,0.0325051,0.0557477,0.0317018,0.0110044
2,0.453212,0.276065,0.227622,0.215809,0.0651978,0.0327834,0.0557997,0.0309505,0.0122031
2,0.453407,0.280606,0.230857,0.213978,0.0648934,0.0305389,0.0571077,0.0319671,0.0105272
2,0.461304,0.278563,0.213448,0.236024,0.0664675,0.0438837,0.0576019,0.0266537,0.0173466
2,0.344857,0.284796,0.218227,0.204309,0.0800251,0.0339286,0.0466593,0.0251996,0.00665708
2,0.344028,0.285129,0.216944,0.206873,0.075719,0.0306711,0.0499576,0.025527,0.00605388
2,0.347466,0.290752,0.213323,0.213319,0.0718201,0.0351113,0.0501146,0.0244838,0.00772736
2,0.343221,0.285905,0.222535,0.202395,0.0792122,0.0341939,0.0490532,0.0245721,0.00775918
2,0.420738,0.280247,0.248374,0.196891,0.0942368,0.0260253,0.0395077,0.0325654,0.0109833
2,0.418208,0.238186,0.22889,0.223111,0.0926156,0.0245394,0.0481184,0.0364489,0.00809666
2,0.419574,0.236789,0.226997,0.224953,0.0917244,0.0247889,0.0460413,0.0373246,0.00723713
2,0.41912,0.230784,0.233516,0.215852,0.0947455,0.0212583,0.0421965,0.0364557,0.00647699
2,0.423955,0.23659,0.251238,0.201205,0.0947477,0.0222104,0.0399697,0.0321532,0.0118018
2,0.424335,0.236673,0.252034,0.201175,0.0946909,0.0235007,0.041856,0.032094,0.0114036
2,0.404524,0.256302,0.22848,0.219501,0.0874663,0.0318234,0.0430013,0.0359996,0.00931507
2,0.405494,0.256068,0.226498,0.224869,0.0874578,0.0303284,0.0441972,0.0359164,0.00826283
2,0.399013,0.251158,0.222655,0.222198,0.0920091,0.0277938,0.0423358,0.0372865,0.00863393
2,0.425201,0.255094,0.228402,0.230392,0.0862789,0.0260145,0.0426802,0.0371233,0.009243
2,0.419642,0.252603,0.222558,0.217414,0.0879528,0.0340235,0.0425699,0.0352413,0.0080007
3,0.614311,0.168335,0.282169,0.266202,0.149693,0.0304233,0.0484764,0.0270034,0.0395603
3,0.611889,0.168754,0.282865,0.278292,0.153513,0.0275906,0.047103,0.0267203,0.03558
3,0.597545,0.174305,0.293033,0.284381,0.149951,0.0245555,0.0471806,0.0302005,0.0361052
3,0.602685,0.137247,0.276081,0.271394,0.145842,0.0261619,0.0475328,0.0297064,0.0349488
3,0.592009,0.143856,0.27343,0.254499,0.150088,0.0298914,0.0514583,0.0278234,0.0399125
3,0.679616,0.211938,0.341097,0.295467,0.13587,0.0351465,0.0333021,0.0465216,0.0382448
3,0.673259,0.212705,0.339443,0.291759,0.138144,0.037215,0.0333627,0.0458607,0.039919
3,0.675117,0.214541,0.342301,0.295267,0.135716,0.0373403,0.0323353,0.0449954,0.0391572
3,0.671528,0.212401,0.343848,0.292103,0.131338,0.0369176,0.0337726,0.0445752,0.0373746
3,0.667679,0.209492,0.345461,0.293447,0.125222,0.0363452,0.0336228,0.042775,0.03599
3,0.629296,0.201385,0.335954,0.28535,0.148079,0.0335278,0.0294481,0.0479953,0.0341878
3,0.625935,0.201115,0.33431,0.285717,0.151445,0.0325232,0.0290731,0.0462756,0.034379
3,0.631775,0.207647,0.336118,0.275608,0.162181,0.0384938,0.0341106,0.0452383,0.0302898
3,0.631109,0.190462,0.331707,0.282276,0.145954,0.030948,0.0273018,0.0479769,0.0362387
3,0.620298,0.166557,0.322572,0.272832,0.147315,0.0269545,0.0270351,0.0462354,0.0381927
3,0.626426,0.194758,0.328855,0.251232,0.163866,0.0530732,0.0338796,0.0559305,0.0347467
3,0.62018,0.196952,0.329274,0.25356,0.164703,0.0526142,0.0348602,0.0548042,0.0346589
3,0.623003,0.19488,0.329031,0.249742,0.162846,0.0528018,0.0330277,0.0565624,0.0346622
3,0.60696,0.1971,0.337268,0.251023,0.160551,0.0553136,0.0308681,0.0609073,0.0321373
3,0.607512,0.201945,0.337342,0.253284,0.164522,0.0551636,0.0339112,0.0576123,0.0316313
3,0.618339,0.190062,0.345964,0.265902,0.176524,0.0517265,0.0242213,0.0475575,0.0362289
3,0.61356,0.16164,0.333457,0.251391,0.187396,0.0399921,0.0314171,0.0453821,0.037047
3,0.612125,0.197209,0.346737,0.251965,0.176298,0.0572221,0.023171,0.0499961,0.0384201
3,0.593052,0.165356,0.335259,0.280099,0.210356,0.0218691,0.0371696,0.0453266,0.0345607
3,0.587425,0.170427,0.346373,0.288181,0.209162,0.0293833,0.0361948,0.0477813,0.03224
4,0.684115,0.159469,0.0808834,0.270894,0.237886,0.17985,0.0528141,0.0235091,0.0267959
4,0.685861,0.160936,0.0828678,0.267101,0.235242,0.176471,0.0560211,0.0251263,0.0290249
4,0.686268,0.149428,0.0805862,0.262512,0.233895,0.19258,0.0462741,0.0259779,0.0235467
4,0.702402,0.179557,0.0813379,0.29284,0.261012,0.168416,0.0587413,0.0138168,0.0286156
4,0.674123,0.125291,0.0985965,0.227445,0.216545,0.206234,0.0260131,0.025939,0.0199382
4,0.745739,0.31945,0.279454,0.20149,0.384234,0.215083,0.104097,0.041197,0.0553146
4,0.729253,0.311393,0.276661,0.192483,0.349463,0.200757,0.131489,0.0389524,0.070302
4,0.743557,0.319203,0.264424,0.207949,0.392924,0.224712,0.0827836,0.0392024,0.0463916
4,0.739083,0.32136,0.273524,0.210688,0.375445,0.210634,0.105965,0.0471323,0.0602829
4,0.739542,0.319031,0.270872,0.21034,0.380194,0.208791,0.10558,0.0469659,0.0622203
4,0.737821,0.115264,0.1885,0.206016,0.232158,0.12416,0.0721469,0.0583543,0.0534343
4,0.720666,0.109718,0.18569,0.192391,0.231517,0.121822,0.0647109,0.0606494,0.0527602
4,0.676069,0.107243,0.184892,0.147774,0.220866,0.116697,0.06147,0.064206,0.0416848
4,0.636213,0.126765,0.198092,0.10937,0.19352,0.169377,0.0746123,0.072431,0.0297518
4,0.662711,0.128332,0.19223,0.139225,0.219151,0.169001,0.0680852,0.0688041,0.0284838
4,0.70066,0.0818385,0.174265,0.181854,0.224347,0.17053,0.0655422,0.0653266,0.0388875
4,0.705316,0.177325,0.0795875,0.307884,0.269335,0.164581,0.0674623,0.0133452,0.0376814
4,0.697621,0.177985,0.0850002,0.298692,0.266164,0.163347,0.0683326,0.0176144,0.0372569
4,0.70129,0.18058,0.0833599,0.294192,0.265494,0.162695,0.0690974,0.0183291,0.0334884
4,0.697217,0.173439,0.0890628,0.283741,0.256295,0.162302,0.0641699,0.0200156,0.0334439
4,0.677972,0.173485,0.0597344,0.307599,0.236035,0.179583,0.0563719,0.0196883,0.0341264
4,0.664848,0.175755,0.0616929,0.300212,0.23721,0.177212,0.0528485,0.0167471,0.0336302
4,0.690752,0.167542,0.076172,0.305537,0.23596,0.193546,0.0490429,0.0236792,0.025932
4,0.694856,0.190159,0.0513538,0.336446,0.27291,0.169382,0.0600614,0.0102988,0.0332129
4,0.703324,0.206228,0.0534817,0.343901,0.288754,0.164225,0.059415,0.0112847,0.0351287
5,0.711536,0.2972,0.261884,0.270215,0.399246,0.200737,0.100975,0.0483233,0.0524375
5,0.711377,0.296138,0.263704,0.272022,0.40131,0.203609,0.0978524,0.0460684,0.0511912
5,0.719077,0.298086,0.271404,0.276201,0.400263,0.204727,0.0957908,0.0434415,0.0488452
5,0.69504,0.289698,0.26875,0.252651,0.379572,0.206625,0.106003,0.0485148,0.0568214
5,0.717514,0.296796,0.259088,0.273947,0.400905,0.210537,0.0886852,0.0394941,0.0480253
5,0.741689,0.178958,0.103406,0.249392,0.266898,0.173502,0.0670906,0.0316791,0.0378184
5,0.73588,0.173003,0.102945,0.245702,0.260554,0.171856,0.0659558,0.0312564,0.0362309
5,0.72823,0.170411,0.107828,0.234803,0.262086,0.16934,0.0648558,0.034602,0.0402387
5,0.743781,0.180488,0.104325,0.254362,0.273121,0.174941,0.0689936,0.0306381,0.042307
5,0.735224,0.1754,0.105324,0.241474,0.260687,0.161986,0.0676669,0.0339315,0.0428795
5,0.76226,0.297004,0.262691,0.194552,0.381,0.19156,0.109603,0.0477734,0.0628425
5,0.759714,0.293381,0.25727,0.19286,0.384027,0.190278,0.109303,0.0469478,0.0624112
5,0.709275,0.257375,0.261556,0.189194,0.330181,0.197193,0.134292,0.0591832,0.06428
5,0.715095,0.292274,0.271463,0.162312,0.361381,0.220562,0.120274,0.034716,0.0453848
5,0.731603,0.291792,0.256124,0.175559,0.356104,0.203234,0.120363,0.0439397,0.0664941
5,0.724169,0.311464,0.233169,0.181659,0.400647,0.22541,0.079587,0.0447834,0.0524098
5,0.722612,0.314157,0.23729,0.182875,0.402819,0.223587,0.0828525,0.0446971,0.0527258
5,0.717145,0.312306,0.240431,0.188997,0.394346,0.214853,0.0918156,0.0478044,0.0585899
5,0.705083,0.308595,0.241598,0.1921,0.379761,0.210741,0.0973046,0.0492588,0.061495
5,0.705911,0.311614,0.244105,0.191573,0.385903,0.213795,0.0956797,0.0478215,0.0608597
5,0.703723,0.326959,0.232298,0.183716,0.379112,0.23079,0.0941474,0.0360945,0.0592608
5,0.702091,0.330515,0.234229,0.195021,0.367311,0.225587,0.0887822,0.0425693,0.0588829
5,0.682884,0.324379,0.233814,0.194605,0.361678,0.228903,0.101568,0.0419056,0.060832
5,0.708146,0.32883,0.230744,0.186948,0.375442,0.22692,0.0817789,0.0376333,0.05513
5,0.699335,0.320594,0.249101,0.213627,0.373387,0.215068,0.0982079,0.0447318,0.060065
6,0.566702,0.107043,0.180067,0.166565,0.223387,0.0790888,0.0299152,0.01589,0.041198
6,0.573997,0.105636,0.182542,0.168755,0.225759,0.0766782,0.0309017,0.0151073,0.0420504
6,0.514174,0.136662,0.144895,0.141252,0.196789,0.111734,0.0246139,0.032162,0.0251753
6,0.559677,0.118727,0.162411,0.167649,0.227443,0.0828205,0.0432914,0.0156041,0.0370764
6,0.549673,0.131555,0.148819,0.164773,0.220674,0.0948718,0.0286505,0.0215711,0.031236
6,0.647077,0.052881,0.195666,0.187391,0.228435,0.0427256,0.0438787,0.0202745,0.0443316
6,0.645192,0.0521952,0.198948,0.19356,0.230569,0.0442796,0.0456012,0.01964,0.0476955
6,0.642881,0.0502924,0.194537,0.195042,0.229725,0.0422754,0.0402192,0.0185064,0.0489527
6,0.65106,0.0511597,0.200349,0.193445,0.228716,0.0441296,0.0438069,0.0193269,0.0491702
6,0.65274,0.0469635,0.205334,0.197324,0.229242,0.0422111,0.0449379,0.0212844,0.0499612
6,0.60198,0.0798335,0.151517,0.168809,0.207591,0.0857601,0.0213879,0.0200925,0.0314795
6,0.656755,0.0667935,0.185424,0.178719,0.216168,0.0546706,0.0351889,0.0215215,0.037534
6,0.72255,0.0878188,0.182115,0.21293,0.240672,0.056545,0.0267573,0.0273402,0.0311634
6,0.678998,0.0731885,0.175632,0.198651,0.228474,0.0577893,0.0263161,0.0224848,0.0307696
6,0.606395,0.0754072,0.161159,0.166812,0.211658,0.0787236,0.0260356,0.0166451,0.0384813
6,0.581429,0.0679027,0.170955,0.176178,0.21433,0.0749958,0.0351383,0.0192375,0.033707
6,0.589155,0.06701,0.187972,0.17153,0.215403,0.0713734,0.0379974,0.0205634,0.0330352
6,0.589853,0.0641232,0.178128,0.18295,0.217963,0.0734032,0.0397196,0.0195768,0.0343704
6,0.538325,0.084474,0.14913,0.156665,0.203658,0.0887398,0.0309939,0.0224892,0.0221364
6,0.545714,0.0925656,0.159098,0.16131,0.212093,0.0890413,0.0328344,0.0225074,0.0306312
6,0.565166,0.0657115,0.178367,0.192517,0.20956,0.0678413,0.0247704,0.0238107,0.0356024
6,0.566889,0.0698318,0.168446,0.191407,0.212234,0.0746577,0.0214745,0.023966,0.0352572
6,0.548717,0.0623499,0.178921,0.192777,0.206219,0.0692112,0.0278586,0.0273012,0.0356119
6,0.568147,0.0600006,0.195731,0.197499,0.211816,0.0532662,0.0299837,0.0263943,0.0434189
6,0.559708,0.0652982,0.176917,0.184396,0.212932,0.0767964,0.0303724,0.0249896,0.0366607
7,0.548292,0.0784067,0.300411,0.145646,0.122629,0.0780428,0.0580842,0.0606285,0.0383487
7,0.582645,0.116095,0.310336,0.148222,0.110335,0.0915422,0.0625057,0.0675488,0.0377422
7,0.573086,0.113792,0.309944,0.15289,0.119295,0.0805769,0.0638277,0.060275,0.0349211
7,0.546119,0.0588858,0.290618,0.161058,0.133382,0.0710299,0.0469969,0.0599018,0.0443227
7,0.583274,0.112429,0.307981,0.142556,0.105919,0.104755,0.0702417,0.0615981,0.0378148
7,0.651072,0.205952,0.319068,0.158339,0.104733,0.137831,0.0645868,0.0638167,0.0405124
7,0.688713,0.257878,0.296793,0.151189,0.146078,0.15954,0.0765969,0.0525918,0.0345431
7,0.630762,0.148369,0.324456,0.175755,0.11092,0.115007,0.0507271,0.0686529,0.0400981
7,0.642815,0.188506,0.325257,0.166369,0.101569,0.129601,0.0594829,0.0683871,0.0412715
7,0.665862,0.241207,0.309768,0.154621,0.114949,0.14837,0.0715028,0.0519365,0.0363126
7,0.601931,0.268851,0.315647,0.161976,0.08088,0.14122,0.0612646,0.0510528,0.0393092
7,0.605138,0.27232,0.296895,0.152975,0.0922252,0.150502,0.0707771,0.047242,0.039144
7,0.590254,0.267878,0.295661,0.149473,0.103309,0.149484,0.0734515,0.0434598,0.0374645
7,0.591823,0.269983,0.29378,0.149671,0.0977061,0.15064,0.0716588,0.0430258,0.0395003
7,0.625415,0.318122,0.317729,0.164147,0.11025,0.140315,0.0750693,0.0428346,0.0390685
7,0.686672,0.225207,0.333975,0.138854,0.122077,0.169116,0.0670599,0.044754,0.0294336
7,0.649708,0.205605,0.336304,0.173593,0.106432,0.135043,0.0691334,0.0518192,0.0393613
7,0.645701,0.189607,0.328682,0.158103,0.108612,0.147582,0.0625905,0.0467932,0.0423191
7,0.642464,0.195995,0.329325,0.164323,0.104338,0.1408,0.0631146,0.0500303,0.0428864
7,0.656558,0.205449,0.334342,0.162831,0.107397,0.145146,0.0642878,0.0473458,0.0405047
7,0.497994,0.127007,0.300656,0.155494,0.146315,0.0441941,0.0255826,0.0574581,0.0456062
7,0.523529,0.156847,0.305018,0.16593,0.138083,0.0494112,0.0328547,0.0552136,0.0379468
7,0.461537,0.0429095,0.256348,0.168351,0.168968,0.0508952,0.0380834,0.0397636,0.0399497
7,0.504569,0.101966,0.295591,0.171123,0.135943,0.0324376,0.0306823,0.0489687,0.0461108
7,0.512528,0.154021,0.309779,0.166594,0.129778,0.0463899,0.030865,0.062613,0.0460046
8,0.559539,0.120001,0.316552,0.16429,0.0938298,0.132526,0.0717638,0.0374315,0.0272594
8,0.563099,0.14043,0.309839,0.164983,0.088467,0.145404,0.0693946,0.0315302,0.0317569
8,0.510432,0.0841863,0.266104,0.15685,0.121403,0.090416,0.0891943,0.0356197,0.0295762
8,0.533401,0.116238,0.236887,0.16353,0.105206,0.113273,0.101785,0.0230994,0.0228286
8,0.501933,0.133482,0.20642,0.142936,0.101406,0.0981563,0.11177,0.027227,0.0204745
8,0.485967,0.049523,0.213246,0.165014,0.125048,0.05786,0.088876,0.0313728,0.0294187
8,0.462336,0.0715063,0.149965,0.169552,0.155365,0.0467282,0.0725658,0.0439342,0.0222396
8,0.58154,0.1426,0.298818,0.133181,0.0590816,0.140588,0.0718095,0.0145385,0.0255217
8,0.573688,0.126259,0.281531,0.137967,0.0558662,0.14471,0.0852716,0.0119441,0.0315917
8,0.514763,0.0575511,0.237872,0.14805,0.116879,0.0638719,0.0853795,0.0253575,0.0348745
8,0.552227,0.153398,0.337776,0.174453,0.136726,0.125643,0.0972169,0.0777406,0.0352932
8,0.580739,0.158147,0.326619,0.153348,0.146197,0.146121,0.089091,0.0739119,0.0359795
8,0.568488,0.22448,0.327761,0.186183,0.0964968,0.13703,0.0510542,0.0543499,0.0367726
8,0.491747,0.0873357,0.27313,0.189203,0.175097,0.0285227,0.06975,0.0498229,0.0377599
8,0.547772,0.116877,0.313134,0.167612,0.146418,0.0705497,0.06356,0.0660933,0.0419254
8,0.543324,0.238307,0.348964,0.183196,0.0678028,0.115659,0.0430546,0.0508588,0.0340357
8,0.54809,0.218401,0.342204,0.185467,0.0768753,0.114847,0.046816,0.0499177,0.0378416
8,0.547292,0.200539,0.343348,0.17685,0.0833894,0.121432,0.0444809,0.0466007,0.035044
8,0.538901,0.185447,0.33652,0.17215,0.0908924,0.124303,0.0452375,0.0450281,0.0350831
8,0.532494,0.176445,0.331376,0.172985,0.0927042,0.125367,0.0471496,0.0421082,0.0365553
8,0.497336,0.114098,0.219586,0.131171,0.0726011,0.117225,0.102878,0.0199846,0.0332837
8,0.50506,0.0948907,0.242965,0.145854,0.0783689,0.105764,0.103233,0.0289571,0.0278402
8,0.474778,0.106682,0.212683,0.123152,0.0712665,0.100316,0.10839,0.0283493,0.0328099
8,0.455202,0.137018,0.189147,0.10622,0.0710783,0.111901,0.104857,0.0302777,0.041857
8,0.464188,0.0795275,0.210004,0.132933,0.0884822,0.0812018,0.103476,0.0396062,0.0209333
9,0.743972,0.146063,0.227149,0.281206,0.214248,0.0789657,0.040518,0.0264532,0.0400638
9,0.733054,0.150063,0.213343,0.270179,0.213789,0.0824948,0.0398039,0.0299303,0.0372958
9,0.736441,0.144786,0.234848,0.27699,0.221751,0.0805051,0.0424519,0.0358999,0.0430574
9,0.74571,0.132085,0.253002,0.275927,0.215031,0.0741862,0.0456851,0.0290097,0.0472778
9,0.703933,0.148237,0.229792,0.260695,0.223536,0.0822974,0.0430474,0.0400046,0.0406855
9,0.682215,0.173492,0.134834,0.230207,0.197807,0.122581,0.0310577,0.0558086,0.0300849
9,0.683098,0.170243,0.138272,0.235641,0.203453,0.1182,0.0305966,0.0565196,0.0260888
9,0.664765,0.171507,0.136822,0.22582,0.192563,0.120627,0.0344348,0.0521619,0.0295134
9,0.703962,0.157873,0.160746,0.252142,0.21318,0.104825,0.0260946,0.0593718,0.0252417
9,0.690213,0.161516,0.148023,0.241287,0.206452,0.111476,0.0312921,0.0578974,0.027058
9,0.678409,0.226355,0.218982,0.290003,0.259289,0.127265,0.0297859,0.0538127,0.0436459
9,0.664785,0.232845,0.164054,0.261868,0.235014,0.143217,0.0318011,0.0573599,0.0391202
9,0.685396,0.234334,0.19605,0.287425,0.262238,0.134987,0.0292248,0.0450474,0.0431934
9,0.649322,0.168031,0.160058,0.279555,0.265778,0.115529,0.0252312,0.0607092,0.0529129
9,0.659862,0.234095,0.180805,0.282974,0.25382,0.138835,0.0356708,0.0593391,0.0456626
9,0.688859,0.134236,0.216417,0.260425,0.216118,0.0853494,0.0490702,0.0324258,0.0332552
9,0.691041,0.133803,0.221931,0.262353,0.2176,0.0826382,0.0504077,0.0319976,0.0331893
9,0.670827,0.124391,0.200277,0.25769,0.198711,0.0879053,0.0456615,0.0339745,0.032258
9,0.672613,0.124306,0.202744,0.256895,0.200225,0.0873027,0.0457916,0.0340266,0.0328004
9,0.662166,0.123319,0.19675,0.256237,0.196928,0.0889599,0.0451424,0.0351427,0.0309815
9,0.667306,0.183257,0.191513,0.261636,0.250276,0.123451,0.0279865,0.04197,0.0331804
9,0.651896,0.157658,0.174407,0.24957,0.235022,0.116728,0.02406,0.0411161,0.0305333
9,0.641697,0.26022,0.1666,0.233239,0.236386,0.144261,0.0492892,0.0379262,0.029512
9,0.64272,0.24967,0.155723,0.241002,0.224597,0.136214,0.0436382,0.0519764,0.0364716
9,0.618283,0.174685,0.135752,0.235772,0.207611,0.116872,0.0445462,0.0568398,0.0375104
0,0.0868999,0.0877698,0.0508395,0.0248228,0.0378322,0.020373,0.0206217,0.00719003,0.0169694
0,0.0703649,0.0809299,0.0537153,0.0275403,0.0434207,0.0178815,0.0288247,0.00413075,0.0148509
0,0.0631704,0.0811566,0.0533257,0.0270289,0.0503621,0.0175101,0.0273807,0.00353274,0.0151028
0,0.0632753,0.076853,0.0552386,0.0291785,0.0442664,0.0176259,0.0286525,0.00391616,0.0145247
0,0.0657254,0.0852371,0.0534986,0.0277958,0.045983,0.0163318,0.0293468,0.00413081,0.0127116
1,0.419895,0.271766,0.0718334,0.0786317,0.0846285,0.0594896,0.0206291,0.0186571,0.0263844
1,0.431088,0.268901,0.066873,0.0814067,0.0858709,0.0600096,0.022509,0.0175347,0.0283616
1,0.423447,0.276194,0.0642852,0.0819005,0.0836936,0.0591543,0.0227338,0.0159675,0.0250771
1,0.430964,0.274322,0.0682501,0.0799439,0.0852939,0.0601225,0.0226019,0.0177457,0.0280801
1,0.487521,0.283965,0.0550763,0.0938292,0.0804039,0.0580497,0.0302846,0.0183113,0.0342497
2,0.476996,0.298979,0.25928,0.204108,0.0865523,0.0247128,0.0381901,0.0304212,0.0141874
2,0.475428,0.299721,0.266556,0.200536,0.0913369,0.022363,0.0443359,0.0315045,0.0151426
2,0.468874,0.315793,0.27234,0.200061,0.0927378,0.0203488,0.045534,0.032726,0.0192288
2,0.472847,0.321133,0.271077,0.200629,0.0897872,0.0218006,0.0435844,0.0322665,0.0201867
2,0.47573,0.320031,0.263324,0.199822,0.0912903,0.0243459,0.0385794,0.0310418,0.0197653
3,0.513279,0.306634,0.40053,0.291362,0.088986,0.10835,0.0440507,0.030943,0.0423171
3,0.508841,0.302166,0.399921,0.291105,0.0936685,0.106731,0.0461421,0.0319865,0.0439211
3,0.508542,0.292467,0.3871,0.29148,0.0998802,0.0986074,0.0518008,0.0328503,0.0416751
3,0.500297,0.281668,0.394749,0.290518,0.10647,0.101374,0.0477078,0.0306478,0.0413787
3,0.500315,0.276568,0.405112,0.289559,0.107025,0.107651,0.0427242,0.0267183,0.0408844
4,0.71009,0.245324,0.21547,0.397168,0.297625,0.0680177,0.0898996,0.0327672,0.0409472
4,0.717987,0.236067,0.223789,0.404363,0.297672,0.0656275,0.0894932,0.0292049,0.0418695
4,0.711146,0.238399,0.229538,0.387298,0.292287,0.064166,0.0900536,0.0327039,0.0412425
4,0.711962,0.224093,0.196807,0.390768,0.290614,0.0810545,0.0995779,0.0378887,0.0355068
4,0.694852,0.237509,0.204515,0.38124,0.292818,0.079706,0.0954732,0.0298898,0.0344621
5,0.706074,0.30904,0.187178,0.382343,0.405041,0.160483,0.0707232,0.0520918,0.0393438
5,0.70528,0.312562,0.187269,0.384861,0.405059,0.159511,0.0703375,0.0531496,0.0379456
5,0.709231,0.315452,0.191424,0.393327,0.407176,0.153013,0.0716537,0.0533435,0.0397044
5,0.710512,0.316157,0.193639,0.399568,0.40865,0.148191,0.0726922,0.0549668,0.0404748
5,0.713062,0.321602,0.197508,0.415021,0.406259,0.136152,0.0733345,0.0584332,0.04204
6,0.648634,0.047323,0.374963,0.256009,0.216155,0.0604334,0.0227898,0.0916205,0.0139135
6,0.549621,0.111016,0.318866,0.229786,0.213819,0.0466246,0.0809847,0.0547881,0.0718843
6,0.660888,0.0220222,0.344741,0.240507,0.215326,0.0567275,0.0312631,0.0932116,0.0203473
6,0.661317,0.0257045,0.342482,0.246705,0.217181,0.0541459,0.0313246,0.0954876,0.019983
6,0.67095,0.0307941,0.354757,0.247926,0.211682,0.0588452,0.0307416,0.0972997,0.0199413
7,0.64816,0.341487,0.265736,0.241205,0.163412,0.128444,0.0777809,0.0592858,0.0310645
7,0.651678,0.354895,0.260033,0.24837,0.156518,0.105686,0.0815713,0.060363,0.0273307
7,0.658021,0.306326,0.278478,0.241053,0.146951,0.162157,0.0714009,0.0533301,0.046727
7,0.612304,0.267393,0.316817,0.21276,0.130135,0.147427,0.0520825,0.0628212,0.0580491
7,0.637893,0.211558,0.22352,0.154267,0.148903,0.19676,0.0679149,0.0391224,0.0478177
8,0.605754,0.252121,0.234131,0.182175,0.101835,0.186308,0.011553,0.0473291,0.0242169
8,0.596662,0.304523,0.371175,0.197706,0.099107,0.120798,0.0777586,0.0409276,0.0432777
8,0.566128,0.255519,0.394429,0.204234,0.103981,0.0861119,0.06231,0.0544279,0.0370674
8,0.601915,0.332229,0.34494,0.180861,0.115368,0.13995,0.0709073,0.0402819,0.0399976
8,0.566221,0.315545,0.239808,0.205403,0.0997765,0.140207,0.0358758,0.0496653,0.0332396
9,0.672435,0.0927909,0.331038,0.24018,0.176276,0.0436869,0.0454041,0.0215082,0.0537719
9,0.703635,0.0944391,0.322847,0.248912,0.175532,0.0387505,0.0415107,0.0218121,0.0475349
9,0.816548,0.168973,0.338959,0.317938,0.193044,0.025097,0.0381891,0.0332166,0.0447734
9,0.911883,0.255327,0.396776,0.364923,0.168492,0.0350833,0.0246988,0.0564464,0.0529246
9,0.765816,0.329548,0.433519,0.319389,0.130111,0.0599989,0.0233831,0.0546353,0.039832
0,0.0736749,0.0828695,0.044296,0.0291231,0.0293543,0.0144128,0.018172,0.00833085,0.0127619
0,0.120748,0.0669864,0.0734063,0.0364182,0.0480513,0.0161093,0.0292014,0.00554265,0.0141932
0,0.0523611,0.0981752,0.0230642,0.0295671,0.0141108,0.0138136,0.00711139,0.00891222,0.00653807
0,0.0506965,0.0979174,0.0284491,0.029479,0.0152388,0.01668,0.0100064,0.00918535,0.00702646
0,0.0494326,0.0977372,0.0259704,0.0327242,0.0205727,0.0205072,0.00918556,0.00990603,0.00705022
1,0.32905,0.22512,0.0686325,0.0590784,0.0740284,0.0438248,0.0134258,0.00946353,0.0284509
1,0.296902,0.195097,0.0644294,0.0840179,0.0748322,0.0434498,0.0182056,0.00750528,0.0254795
1,0.317897,0.220399,0.0761386,0.0529387,0.0675865,0.0355461,0.0167799,0.0141988,0.0285751
1,0.251516,0.182143,0.145108,0.0598044,0.0647742,0.0420609,0.0455418,0.0315337,0.0210802
1,0.327489,0.221045,0.104506,0.0603539,0.0736507,0.0458725,0.0197782,0.0201543,0.0179934
2,0.39311,0.350032,0.229512,0.236529,0.0469933,0.0673903,0.0859993,0.0216066,0.0149394
2,0.43132,0.361361,0.254326,0.228635,0.0483551,0.0522154,0.0825044,0.0177703,0.0170087
2,0.454756,0.335116,0.228626,0.248486,0.0398495,0.0715351,0.0805651,0.0216463,0.013433
2,0.43865,0.377919,0.28197,0.203817,0.0439285,0.0481555,0.0682325,0.014038,0.0143544
2,0.452627,0.38572,0.292286,0.198161,0.0459483,0.0554617,0.0606855,0.0160196,0.0148885
3,0.561983,0.288327,0.355605,0.302347,0.0911803,0.0341275,0.044573,0.061155,0.016666
3,0.56439,0.281485,0.352601,0.309924,0.0802363,0.0344898,0.0406066,0.0602315,0.0201647
3,0.560783,0.272538,0.344042,0.312694,0.066744,0.0448662,0.0374773,0.055796,0.0274576
3,0.562321,0.323471,0.354522,0.290808,0.104911,0.0471328,0.0485392,0.0591304,0.0121676
3,0.566609,0.328672,0.357458,0.300345,0.101862,0.0430064,0.0468241,0.057233,0.0170706
4,0.745757,0.202714,0.130643,0.340997,0.300023,0.0938433,0.111994,0.037968,0.0601535
4,0.745474,0.196997,0.118739,0.325349,0.302269,0.114972,0.109832,0.0328376,0.0578927
4,0.738945,0.205809,0.13735,0.327372,0.305137,0.0912947,0.106188,0.0356915,0.0520609
4,0.751343,0.241099,0.149778,0.360111,0.294692,0.0533349,0.106445,0.0627292,0.0605274
4,0.742141,0.223069,0.129866,0.359236,0.309731,0.0756837,0.114347,0.0502614,0.0625678
5,0.750382,0.304721,0.207276,0.233156,0.40361,0.190769,0.0728706,0.0599578,0.0601665
5,0.741269,0.297614,0.199377,0.221604,0.41197,0.192945,0.075683,0.0616488,0.0566169
5,0.734183,0.300314,0.209918,0.21273,0.379134,0.19783,0.0764544,0.0509973,0.0673679
5,0.750748,0.308156,0.21225,0.2632,0.416505,0.185549,0.0823048,0.0614127,0.0547659
5,0.764012,0.318009,0.201866,0.308832,0.424152,0.17173,0.092474,0.0635254,0.0528553
6,0.67919,0.0530633,0.287155,0.211158,0.216464,0.0284102,0.0625254,0.0631139,0.0477862
6,0.641202,0.11202,0.242837,0.207786,0.224139,0.0330886,0.0756917,0.0535807,0.040735
6,0.677972,0.0574425,0.282783,0.214612,0.217089,0.0362716,0.0531168,0.0568345,0.0497903
6,0.687892,0.0878592,0.307935,0.224734,0.207556,0.0551496,0.0517904,0.0692417,0.0440488
6,0.680111,0.0619263,0.259644,0.209848,0.225743,0.0250661,0.0587579,0.048985,0.05358
7,0.610704,0.202969,0.334434,0.168338,0.0941159,0.0647015,0.0607117,0.0859598,0.0348406
7,0.590548,0.157764,0.352839,0.186093,0.109346,0.0700389,0.0530407,0.0898438,0.0349167
7,0.615238,0.209651,0.337035,0.171353,0.0978926,0.0598258,0.0630484,0.0837863,0.0348389
7,0.618845,0.244339,0.331489,0.160285,0.0828707,0.0697822,0.085736,0.0863246,0.0291582
7,0.652762,0.28303,0.334135,0.149718,0.099427,0.0552458,0.10073,0.062298,0.0351464
8,0.629683,0.223073,0.225617,0.122213,0.153698,0.189094,0.0213424,0.0567366,0.04086
8,0.601482,0.174073,0.285862,0.155071,0.0933079,0.173686,0.0328476,0.0601034,0.0504862
8,0.61451,0.245585,0.231262,0.12574,0.137168,0.17226,0.0296134,0.0464286,0.0532325
8,0.646313,0.262221,0.228384,0.131327,0.171898,0.178301,0.0285602,0.0604586,0.0374075
8,0.650428,0.242292,0.226867,0.163482,0.128097,0.179271,0.0216107,0.0594189,0.0373895
9,0.824032,0.116574,0.189238,0.323781,0.206172,0.085576,0.0561166,0.0382884,0.0469823
9,0.776731,0.136262,0.167056,0.286919,0.206754,0.0842139,0.0505473,0.0511751,0.045988
9,0.768929,0.14422,0.138868,0.279391,0.215562,0.0886088,0.0447033,0.054274,0.0327975
9,0.821331,0.143885,0.144119,0.302787,0.227429,0.0990177,0.044103,0.0491667,0.030872
9,0.742852,0.117451,0.188815,0.27723,0.195251,0.0781938,0.0548457,0.0442005,0.0447476
0,0.105477,0.0569084,0.0907677,0.0296832,0.0521138,0.0169269,0.0274336,0.00710911,0.0197789
0,0.145345,0.0566583,0.093018,0.0319274,0.0631869,0.0139232,0.029692,0.00924039,0.0161899
0,0.097684,0.0590875,0.0583178,0.0288867,0.0508606,0.0157214,0.0248541,0.00644118,0.01832
0,0.0713157,0.0766951,0.0381087,0.0332181,0.0380573,0.00577917,0.0230174,0.018388,0.0103431
0,0.0701891,0.0788033,0.035833,0.0318943,0.0344581,0.00614481,0.0211062,0.0181836,0.0107783
0,0.124283,0.0560663,0.0983128,0.034851,0.0421109,0.0325796,0.0246225,0.0221513,0.0175882
0,0.169204,0.0399992,0.134709,0.0403751,0.0452616,0.0315358,0.0189216,0.0277297,0.0109486
0,0.107544,0.0733398,0.0820049,0.0349453,0.0319663,0.0249042,0.0104596,0.0314647,0.00868391
0,0.156725,0.0664245,0.0799977,0.0443256,0.0436987,0.0242918,0.0154152,0.0254118,0.0162617
0,0.14461,0.0605294,0.0825822,0.0466764,0.0414515,0.0270478,0.0148821,0.0276229,0.0149337
1,0.347092,0.268058,0.0988678,0.0495587,0.0725949,0.0420596,0.0146684,0.0233507,0.0221005
1,0.32667,0.24475,0.10068,0.0476655,0.0771701,0.0470829,0.013764,0.0195133,0.0195297
1,0.288498,0.219487,0.135777,0.0699543,0.0693871,0.0417722,0.0209416,0.0162713,0.0127106
1,0.279601,0.190971,0.177467,0.0977555,0.0484845,0.0274189,0.0321541,0.0133886,0.0105777
1,0.557253,0.262684,0.0611577,0.097594,0.0743699,0.0442922,0.00761184,0.0170908,0.0156983
1,0.403899,0.27244,0.0631525,0.0793002,0.0593591,0.0718303,0.0305788,0.0200136,0.0293464
1,0.298823,0.258234,0.125265,0.0717504,0.0657778,0.0576004,0.0232231,0.0458487,0.0151673
1,0.48768,0.297669,0.0788876,0.102303,0.0590644,0.0651656,0.0347446,0.0202457,0.0357172
1,0.342799,0.282607,0.114565,0.0603972,0.0575895,0.0741699,0.0291418,0.0391896,0.0217857
1,0.33318,0.266285,0.0829039,0.0630212,0.0496835,0.0699638,0.0344877,0.0188409,0.0248773
2,0.374645,0.276103,0.228713,0.185882,0.0467541,0.0508525,0.0510012,0.0120389,0.011107
2,0.438978,0.254264,0.178637,0.216329,0.0611621,0.0677567,0.053374,0.0277715,0.0139847
2,0.373612,0.293739,0.216189,0.193876,0.0380439,0.0477132,0.0489032,0.0118679,0.00931571
2,0.345641,0.275183,0.200327,0.189579,0.0454757,0.0482866,0.0607368,0.0136996,0.0195286
2,0.395654,0.277348,0.177934,0.198998,0.0510722,0.0585637,0.0634679,0.0135003,0.0164014
2,0.472627,0.241816,0.200794,0.237571,0.104143,0.0442053,0.0337736,0.0529345,0.0307292
2,0.443691,0.315255,0.212597,0.250075,0.0996197,0.0343018,0.028264,0.0495864,0.0226037
2,0.476817,0.330984,0.262543,0.239929,0.0712673,0.0590388,0.0434028,0.0387342,0.0253377
2,0.460284,0.25061,0.190252,0.200732,0.041235,0.0664486,0.0971041,0.0240299,0.0303838
2,0.448194,0.336235,0.241994,0.23489,0.0801109,0.0399119,0.042913,0.0459842,0.017481
3,0.568114,0.237841,0.319289,0.24445,0.130207,0.0233522,0.0326758,0.0414826,0.0614787
3,0.544331,0.301073,0.342975,0.257138,0.138192,0.0371404,0.0388455,0.0392796,0.0486431
3,0.5969,0.311197,0.317452,0.268111,0.0878606,0.0368673,0.0312833,0.0599512,0.0357916
3,0.595325,0.329683,0.334675,0.270105,0.0902156,0.0413483,0.0344224,0.0594596,0.0298134
3,0.601853,0.294511,0.327192,0.267178,0.0862722,0.0386584,0.0326071,0.0539341,0.0366891
3,0.54866,0.138046,0.277994,0.173281,0.177073,0.0398213,0.0297891,0.0258363,0.060019
3,0.552303,0.137068,0.255156,0.155877,0.174807,0.0394569,0.029646,0.0311407,0.0618505
3,0.49661,0.0904144,0.267645,0.18048,0.181894,0.0493018,0.0250288,0.0504116,0.0346161
3,0.572064,0.155472,0.282184,0.178328,0.167005,0.0188949,0.0297627,0.0470852,0.07081
3,0.591283,0.185166,0.288456,0.209028,0.153185,0.0313226,0.0270147,0.0647474,0.076248
4,0.729252,0.237947,0.107233,0.293755,0.271792,0.152212,0.0699269,0.0146076,0.0488137
4,0.750202,0.285236,0.15075,0.296978,0.270889,0.120199,0.0826827,0.0175223,0.0506091
4,0.748276,0.300204,0.174666,0.299501,0.264731,0.103589,0.0823882,0.0227579,0.0503827
4,0.738888,0.256015,0.0876325,0.330029,0.278227,0.148796,0.0803565,0.0198,0.0563982
4,0.672114,0.27226,0.14863,0.236437,0.234664,0.1841,0.0613023,0.0470076,0.0534143
4,0.681143,0.244377,0.079144,0.21229,0.26336,0.182231,0.0265168,0.0120306,0.0351639
4,0.639792,0.265575,0.086343,0.202829,0.242411,0.184964,0.0402837,0.0168725,0.0392315
4,0.712647,0.188986,0.0685342,0.204535,0.289225,0.18005,0.0323333,0.0396866,0.027635
4,0.735047,0.287423,0.0808028,0.25849,0.273244,0.167832,0.0321087,0.00803289,0.0394264
4,0.673241,0.29676,0.059361,0.250652,0.236826,0.174311,0.0118151,0.011415,0.0367726
5,0.703393,0.343464,0.284378,0.163932,0.295833,0.264545,0.115513,0.0571796,0.0451856
5,0.722595,0.356412,0.279783,0.153994,0.303176,0.269349,0.104616,0.0549857,0.0370736
5,0.726149,0.363128,0.270883,0.140209,0.305093,0.274976,0.0950326,0.0480951,0.0323283
5,0.677992,0.320197,0.291562,0.183425,0.307445,0.267014,0.126216,0.0561962,0.0485766
5,0.685962,0.336118,0.305166,0.191144,0.349522,0.261564,0.114613,0.0501481,0.0427206
5,0.713906,0.346391,0.294343,0.12537,0.22816,0.265525,0.12864,0.0576604,0.0271011
5,0.723686,0.352612,0.29701,0.115936,0.249371,0.286245,0.109367,0.0416258,0.0202177
5,0.694201,0.312326,0.307014,0.158204,0.247651,0.265869,0.124225,0.0638718,0.0336929
5,0.572441,0.220662,0.219553,0.135502,0.19746,0.192944,0.152642,0.0622277,0.0417131
5,0.720903,0.315819,0.308588,0.120726,0.272105,0.298713,0.0909321,0.0344111,0.0190921
6,0.726463,0.153598,0.295687,0.224969,0.163419,0.055789,0.0577037,0.040316,0.0325868
6,0.734074,0.224775,0.297606,0.229207,0.145577,0.0739296,0.048437,0.0432591,0.0334683
6,0.749652,0.23424,0.303839,0.238337,0.137634,0.0787578,0.0440506,0.0370624,0.0386468
6,0.782658,0.257169,0.310224,0.244287,0.120116,0.0829895,0.0436934,0.0389851,0.0406829
6,0.756357,0.219788,0.311356,0.240188,0.137574,0.0827071,0.0399141,0.0334975,0.0396642
6,0.627904,0.12311,0.287461,0.205757,0.156892,0.0366092,0.040642,0.0441709,0.0567713
6,0.593972,0.158923,0.279815,0.171813,0.155703,0.0298271,0.0349669,0.0345932,0.0564339
6,0.589798,0.179867,0.281713,0.185478,0.1588,0.0390136,0.0304642,0.0275896,0.060161
6,0.61948,0.147878,0.293593,0.202316,0.155089,0.0264322,0.0301851,0.0480189,0.0516687
6,0.603357,0.177242,0.313938,0.208502,0.155783,0.0179539,0.0280515,0.0502835,0.0410433
7,0.552505,0.256327,0.3103,0.170628,0.0680515,0.094092,0.0350582,0.0585112,0.0356169
7,0.561886,0.198503,0.29058,0.17757,0.116218,0.0947489,0.0485657,0.0523577,0.0331053
7,0.546728,0.377654,0.300874,0.196032,0.0527223,0.0814949,0.0541936,0.0670886,0.0237748
7,0.565155,0.331448,0.313573,0.182947,0.060658,0.0955004,0.0407234,0.0505954,0.0331602
7,0.548346,0.241419,0.314199,0.170699,0.0823237,0.0980214,0.0249123,0.053829,0.034763
7,0.574013,0.246015,0.281463,0.166985,0.0728768,0.0787292,0.0654214,0.0381245,0.0374105
7,0.653444,0.237421,0.283984,0.193177,0.0722758,0.074502,0.054984,0.0265452,0.0342655
7,0.602303,0.22356,0.286329,0.184595,0.0694667,0.0889209,0.0436296,0.0468338,0.0416046
7,0.553828,0.300553,0.290285,0.171156,0.0640953,0.0854484,0.053697,0.044954,0.0432845
7,0.496311,0.286442,0.284452,0.184142,0.0883317,0.0545372,0.0539825,0.0521645,0.048605
8,0.5647,0.211289,0.310884,0.154917,0.0661617,0.0984606,0.0433865,0.0748795,0.0411049
8,0.545171,0.176261,0.279993,0.150383,0.111752,0.050273,0.0213684,0.0638582,0.0523206
8,0.586973,0.240521,0.309529,0.170344,0.0568455,0.112882,0.0389436,0.0597292,0.0497639
8,0.598652,0.239802,0.270066,0.195739,0.0586987,0.104103,0.0561394,0.0336486,0.0319009
8,0.564496,0.229469,0.311591,0.161063,0.0638334,0.0955625,0.0440735,0.07633,0.044863
8,0.502953,0.170435,0.230945,0.144826,0.0654922,0.11004,0.0783238,0.0142537,0.0358137
8,0.554362,0.14527,0.248534,0.136311,0.0777035,0.111007,0.0795394,0.0417359,0.0372541
8,0.647916,0.127326,0.254855,0.167987,0.105385,0.0752747,0.0555291,0.0682967,0.0448336
8,0.398081,0.205499,0.114362,0.0789878,0.0335313,0.0443911,0.0510438,0.0434029,0.0244707
8,0.523769,0.145052,0.240525,0.160691,0.0702522,0.113992,0.0820569,0.0158359,0.0377722
9,0.591178,0.234674,0.117674,0.245141,0.200935,0.143839,0.0578898,0.0620129,0.0384782
9,0.585552,0.279248,0.13093,0.22081,0.217174,0.129557,0.0671158,0.0485965,0.0373634
9,0.567715,0.220125,0.112002,0.231502,0.208429,0.150642,0.0551677,0.0650118,0.033424
9,0.545101,0.192188,0.0854151,0.233928,0.21708,0.161368,0.0601046,0.0832515,0.0265572
9,0.628147,0.236111,0.139998,0.267554,0.199273,0.136798,0.054958,0.0627721,0.0430461
9,0.65493,0.180927,0.21016,0.277,0.260126,0.0848693,0.0348704,0.0329502,0.0309887
9,0.665494,0.116089,0.196774,0.258253,0.230508,0.0693033,0.0339334,0.0303989,0.0412396
9,0.650634,0.095774,0.172226,0.249713,0.214501,0.0776957,0.0351186,0.0306872,0.0467043
9,0.641131,0.202539,0.204851,0.267322,0.262744,0.0931682,0.0336535,0.0328623,0.0309547
9,0.669935,0.105648,0.192864,0.242248,0.214657,0.0668753,0.0425347,0.0236091,0.0490077
